模型：逻辑回归
              precision    recall  f1-score   support

           0     0.9480    0.9673    0.9576       980
           1     0.9568    0.9762    0.9664      1135
           2     0.9163    0.8905    0.9032      1032
           3     0.9003    0.9119    0.9061      1010
           4     0.9355    0.9308    0.9331       982
           5     0.8907    0.8677    0.8790       892
           6     0.9439    0.9489    0.9464       958
           7     0.9318    0.9173    0.9245      1028
           8     0.8699    0.8789    0.8744       974
           9     0.9139    0.9158    0.9149      1009

    accuracy                         0.9216     10000
   macro avg     0.9207    0.9205    0.9206     10000
weighted avg     0.9215    0.9216    0.9215     10000

---------------------
模型：决策树
              precision    recall  f1-score   support

           0     0.9093    0.9408    0.9248       980
           1     0.9532    0.9700    0.9616      1135
           2     0.8781    0.8585    0.8682      1032
           3     0.8372    0.8554    0.8462      1010
           4     0.8850    0.8778    0.8814       982
           5     0.8557    0.8509    0.8533       892
           6     0.9010    0.8831    0.8919       958
           7     0.9191    0.9056    0.9123      1028
           8     0.8340    0.8101    0.8219       974
           9     0.8448    0.8632    0.8539      1009

    accuracy                         0.8831     10000
   macro avg     0.8817    0.8816    0.8815     10000
weighted avg     0.8830    0.8831    0.8829     10000

---------------------
模型：线性SVM
              precision    recall  f1-score   support

           0     0.9066    0.9602    0.9326       980
           1     0.9189    0.9683    0.9429      1135
           2     0.8906    0.7965    0.8409      1032
           3     0.8391    0.8465    0.8428      1010
           4     0.8679    0.8829    0.8753       982
           5     0.8272    0.8049    0.8159       892
           6     0.8920    0.8883    0.8902       958
           7     0.8525    0.8716    0.8620      1028
           8     0.8110    0.8060    0.8084       974
           9     0.8506    0.8295    0.8399      1009

    accuracy                         0.8671     10000
   macro avg     0.8656    0.8655    0.8651     10000
weighted avg     0.8667    0.8671    0.8664     10000

---------------------
模型：K近邻
              precision    recall  f1-score   support

           0     0.9480    0.9867    0.9670       980
           1     0.9519    0.9930    0.9720      1135
           2     0.9518    0.9370    0.9443      1032
           3     0.9233    0.9535    0.9381      1010
           4     0.9525    0.9389    0.9456       982
           5     0.9324    0.9283    0.9303       892
           6     0.9666    0.9656    0.9661       958
           7     0.9371    0.9270    0.9320      1028
           8     0.9626    0.8973    0.9288       974
           9     0.9269    0.9177    0.9223      1009

    accuracy                         0.9452     10000
   macro avg     0.9453    0.9445    0.9447     10000
weighted avg     0.9453    0.9452    0.9450     10000

---------------------
模型：随机森林
              precision    recall  f1-score   support

           0     0.9729    0.9888    0.9808       980
           1     0.9868    0.9885    0.9877      1135
           2     0.9521    0.9632    0.9576      1032
           3     0.9556    0.9584    0.9570      1010
           4     0.9722    0.9623    0.9672       982
           5     0.9738    0.9585    0.9661       892
           6     0.9709    0.9749    0.9729       958
           7     0.9674    0.9533    0.9603      1028
           8     0.9576    0.9497    0.9536       974
           9     0.9401    0.9495    0.9448      1009

    accuracy                         0.9650     10000
   macro avg     0.9649    0.9647    0.9648     10000
weighted avg     0.9650    0.9650    0.9650     10000

---------------------
模型：朴素贝叶斯
              precision    recall  f1-score   support

           0     0.7596    0.8449    0.8000       980
           1     0.8862    0.9401    0.9124      1135
           2     0.9010    0.1764    0.2950      1032
           3     0.6498    0.2792    0.3906      1010
           4     0.8600    0.1314    0.2279       982
           5     0.4531    0.0325    0.0607       892
           6     0.6933    0.9154    0.7890       958
           7     0.8816    0.1955    0.3201      1028
           8     0.2522    0.7023    0.3711       974
           9     0.3625    0.9524    0.5251      1009

    accuracy                         0.5240     10000
   macro avg     0.6699    0.5170    0.4692     10000
weighted avg     0.6767    0.5240    0.4773     10000

---------------------
