              precision    recall  f1-score   support

           0     0.9949    0.9929    0.9939       980
           1     0.9895    0.9991    0.9943      1135
           2     0.9846    0.9942    0.9894      1032
           3     0.9881    0.9891    0.9886      1010
           4     0.9829    0.9980    0.9904       982
           5     0.9943    0.9843    0.9893       892
           6     0.9958    0.9885    0.9921       958
           7     0.9941    0.9796    0.9868      1028
           8     0.9817    0.9938    0.9878       974
           9     0.9930    0.9772    0.9850      1009

    accuracy                         0.9898     10000
   macro avg     0.9899    0.9897    0.9898     10000
weighted avg     0.9898    0.9898    0.9898     10000
